# header of file: dynStDiag
# frequency (s):        120.000000
# phase (s)    :         60.000000
# Regions      :   0
# Fields       : ETAN     UVEL     VVEL     WVEL     THETA    PHIHYD   PHI_NH  
# Nb of levels :    1  50  50  50  50  50  50
# end of header ------------------------------------------------------------
 
 field : ETAN     ; Iter =        30 ; region #   0 ; nb.Lev =   1
 k | --   Average    -- | --   Std.Dev    -- | --     min      -- | --     max      -- | --    Vol
  0  4.9287904984552E-06  6.1745892916163E-05 -3.7294378853403E-04  1.7888829802566E-04  1.2000000000000E+06
 
 field : UVEL     ; Iter =        30 ; region #   0 ; nb.Lev =  50
 k | --   Average    -- | --   Std.Dev    -- | --     min      -- | --     max      -- | --    Vol
  0  2.7656968758375E-11  5.0019582176136E-04 -8.8781837229825E-02  8.9306091551836E-02  1.2000000000000E+09
  1  1.5299413820280E-07  9.9629567355029E-03 -8.8781837229825E-02  8.9306091551836E-02  4.8000000000000E+05
  2  1.8084009210924E-07  8.6710690403969E-03 -7.2342563846592E-02  7.1568545963092E-02  1.4400000000000E+06
  3  1.1078926063400E-07  4.7561827746546E-03 -2.7917910700370E-02  2.7713577718375E-02  2.4000000000000E+06
  4 -9.4265845186925E-08  2.4567978203040E-03 -1.7587756738067E-02  1.7370322719216E-02  3.3600000000000E+06
  5 -4.8396929336213E-08  1.9589191641851E-03 -1.3461174443364E-02  1.3731908053160E-02  4.3200000000000E+06
  6 -6.2002345180534E-09  1.6648213235178E-03 -8.6060967296362E-03  8.7484996765852E-03  5.2800000000000E+06
  7 -3.3532761894624E-10  1.3322923684999E-03 -5.3493869490921E-03  5.3898342885077E-03  6.2400000000000E+06
  8 -1.7871351954252E-10  1.0432427729541E-03 -3.7697567246903E-03  3.7760019026290E-03  7.2000000000000E+06
  9 -1.5448236963805E-10  8.0371506987978E-04 -2.7240719254794E-03  2.7314821496202E-03  8.1600000000000E+06
 10 -1.0501775239833E-10  6.0573462285318E-04 -2.0039058290422E-03  2.0067610312253E-03  9.1200000000000E+06
 11 -6.6180843662421E-11  4.4568325574454E-04 -1.5853159129620E-03  1.5858486294746E-03  1.0080000000000E+07
 12 -3.9565633428488E-11  3.2257542304687E-04 -1.2889377539977E-03  1.2885909527540E-03  1.1040000000000E+07
 13 -2.3043745306002E-11  2.3436434782216E-04 -1.0709953494370E-03  1.0703768348321E-03  1.2000000000000E+07
 14 -1.4853749326274E-11  1.7647795130924E-04 -9.0563704725355E-04  9.0498430654407E-04  1.2960000000000E+07
 15 -1.0557138020234E-11  1.4367919004157E-04 -7.7685806900263E-04  7.7625719131902E-04  1.3920000000000E+07
 16 -7.4993857317677E-12  1.3183908001091E-04 -6.7433930234984E-04  6.7381549160928E-04  1.4880000000000E+07
 17 -5.1580614814154E-12  1.3738473839408E-04 -5.9123302344233E-04  5.9076811885461E-04  1.5840000000000E+07
 18 -3.3318710212002E-12  1.4865896820805E-04 -5.2280555246398E-04  5.2241957746446E-04  1.6800000000000E+07
 19 -2.5544451727040E-12  1.5519322181886E-04 -5.0608769355956E-04  5.0569738138133E-04  1.7760000000000E+07
 20 -2.3124446570325E-12  1.5563363599039E-04 -5.0728402401911E-04  5.0695760554686E-04  1.8720000000000E+07
 21 -2.0370342883133E-12  1.4930588680070E-04 -4.6849760739908E-04  4.6823382345210E-04  1.9680000000000E+07
 22 -1.6557435870258E-12  1.3944920152264E-04 -4.1366473046157E-04  4.1346039502360E-04  2.0640000000000E+07
 23 -1.3756098574639E-12  1.2928030774034E-04 -3.6387057835392E-04  3.6370783746592E-04  2.1600000000000E+07
 24 -1.1751754948202E-12  1.1935041623848E-04 -3.1935370289420E-04  3.1920231038900E-04  2.2560000000000E+07
 25 -1.0674909264931E-12  1.1010243639405E-04 -2.8115001584882E-04  2.8102623507883E-04  2.3520000000000E+07
 26 -8.4380674415787E-13  1.0187788724548E-04 -2.5005433835271E-04  2.4995099489139E-04  2.4480000000000E+07
 27 -6.9959374589719E-13  9.4778396426251E-05 -2.2576838814655E-04  2.2568096559553E-04  2.5440000000000E+07
 28 -6.4441986131152E-13  8.8521785354398E-05 -2.0588565720929E-04  2.0581143764277E-04  2.6400000000000E+07
 29 -5.4183877345917E-13  8.2828772687189E-05 -1.8836948944579E-04  1.8830649690898E-04  2.7360000000000E+07
 30 -4.1805663413162E-13  7.7736345782398E-05 -1.7420943426078E-04  1.7424489729646E-04  2.8320000000000E+07
 31 -3.9620146192391E-13  7.3176353273961E-05 -1.6228652315195E-04  1.6234837082581E-04  2.9280000000000E+07
 32 -3.4332461059878E-13  6.9029659938415E-05 -1.5151266582661E-04  1.5159563823289E-04  3.0240000000000E+07
 33 -3.1065764115003E-13  6.5251463911464E-05 -1.4177760507621E-04  1.4187842854876E-04  3.1200000000000E+07
 34 -2.7444734378965E-13  6.1810183092279E-05 -1.3299542997867E-04  1.3309746800309E-04  3.2160000000000E+07
 35 -2.5322255768348E-13  5.8676287412369E-05 -1.2509331820375E-04  1.2516474287183E-04  3.3120000000000E+07
 36 -2.2849577253766E-13  5.5808165875616E-05 -1.1800863014496E-04  1.1804499913461E-04  3.4080000000000E+07
 37 -1.7767203842109E-13  5.3203550181012E-05 -1.1161773869083E-04  1.1165645909893E-04  3.5040000000000E+07
 38 -1.5877497913961E-13  5.0840262242254E-05 -1.0586511594989E-04  1.0590575229900E-04  3.6000000000000E+07
 39 -1.4018721037307E-13  4.8695844043062E-05 -1.0070142035240E-04  1.0074365071514E-04  3.6960000000000E+07
 40 -1.2165051076190E-13  4.6765875815359E-05 -9.6086786044121E-05  9.6130329276058E-05  3.7920000000000E+07
 41 -1.1432759375695E-13  4.5046958429536E-05 -9.1987341218401E-05  9.2031945190203E-05  3.8880000000000E+07
 42 -1.2020601595768E-13  4.3533409476337E-05 -8.8373853383894E-05  8.8419309416357E-05  3.9840000000000E+07
 43 -8.4322203250332E-14  4.2208825105793E-05 -8.5231512861929E-05  8.5265494871192E-05  4.0800000000000E+07
 44 -7.8453239477445E-14  4.1061017859612E-05 -8.2543694354655E-05  8.2551891191609E-05  4.1760000000000E+07
 45 -7.5772198835799E-14  4.0086611403596E-05 -8.0266992036302E-05  8.0276329759830E-05  4.2720000000000E+07
 46 -6.9094880407334E-14  3.9281743725330E-05 -7.8388057194727E-05  7.8398258682639E-05  4.3680000000000E+07
 47 -8.4672730475822E-14  3.8642457557529E-05 -7.6896440120280E-05  7.6907276286991E-05  4.4640000000000E+07
 48 -7.8226692647931E-14  3.8165570402669E-05 -7.5784274011959E-05  7.5795571277358E-05  4.5600000000000E+07
 49 -6.8920591875806E-14  3.7849226058110E-05 -7.5045985254766E-05  7.5057579359745E-05  4.6560000000000E+07
 50 -7.0108262480139E-14  3.7691991360583E-05 -7.4677862485803E-05  7.4689601544024E-05  4.7520000000000E+07
 
 field : VVEL     ; Iter =        30 ; region #   0 ; nb.Lev =  50
 k | --   Average    -- | --   Std.Dev    -- | --     min      -- | --     max      -- | --    Vol
  0 -1.9852736566677E-09  5.0034832452206E-04 -8.9435108323467E-02  8.9026791749817E-02  1.2000000000000E+09
  1  4.6201646879117E-07  9.9652828362714E-03 -8.9435108323467E-02  8.9026791749817E-02  4.8000000000000E+05
  2  3.9888508885808E-07  8.6740327018837E-03 -7.2436851965261E-02  7.2316553659603E-02  1.4400000000000E+06
  3 -1.3866176459250E-07  4.7586831293163E-03 -2.8030960630257E-02  2.8244753041625E-02  2.4000000000000E+06
  4 -4.4003096584399E-07  2.4568005303311E-03 -1.7533307895064E-02  1.7584184184670E-02  3.3600000000000E+06
  5 -2.4034099413391E-07  1.9592510423049E-03 -1.3576281256974E-02  1.3791456818581E-02  4.3200000000000E+06
  6 -5.5642348644025E-08  1.6656782329034E-03 -8.7281130254269E-03  8.8072614744306E-03  5.2800000000000E+06
  7 -6.2371337625823E-09  1.3327617510989E-03 -5.4228994995356E-03  5.4333196021616E-03  6.2400000000000E+06
  8 -1.0964059523783E-10  1.0434209282967E-03 -3.7823984814033E-03  3.7932394104751E-03  7.2000000000000E+06
  9  1.7083017304881E-10  8.0377252603256E-04 -2.7314106261010E-03  2.7375536971093E-03  8.1600000000000E+06
 10  1.0755210436093E-10  6.0575035851923E-04 -2.0043835975230E-03  2.0094029605389E-03  9.1200000000000E+06
 11  6.4247172548539E-11  4.4568766069061E-04 -1.5845419839025E-03  1.5880475984886E-03  1.0080000000000E+07
 12  3.9789587580974E-11  3.2257726254192E-04 -1.2881878064945E-03  1.2904551113024E-03  1.1040000000000E+07
 13  2.5923707250778E-11  2.3436431890272E-04 -1.0703779989854E-03  1.0718721896410E-03  1.2000000000000E+07
 14  1.7176692761686E-11  1.7647226978472E-04 -9.0516346972436E-04  9.0616045054048E-04  1.2960000000000E+07
 15  1.2426512261588E-11  1.4366827303933E-04 -7.7650707680732E-04  7.7717861859128E-04  1.3920000000000E+07
 16  8.4302156791778E-12  1.3182352547774E-04 -6.7408388713375E-04  6.7454006057233E-04  1.4880000000000E+07
 17  5.2062108886601E-12  1.3736356488030E-04 -5.9106684057042E-04  5.9135205810890E-04  1.5840000000000E+07
 18  3.2526916017771E-12  1.4863389459788E-04 -5.2267953287810E-04  5.2287604194134E-04  1.6800000000000E+07
 19  2.1845735790908E-12  1.5516625608530E-04 -5.0597780371504E-04  5.0612109681895E-04  1.7760000000000E+07
 20  1.4266706441105E-12  1.5560605507974E-04 -5.0719137013868E-04  5.0729029999893E-04  1.8720000000000E+07
 21  9.3445674973907E-13  1.4927876453700E-04 -4.6842567265256E-04  4.6848581093043E-04  1.9680000000000E+07
 22  6.1557640776314E-13  1.3942327630342E-04 -4.1361406566802E-04  4.1364819458990E-04  2.0640000000000E+07
 23  3.8171868168404E-13  1.2925589218923E-04 -3.6383533893995E-04  3.6385291004434E-04  2.1600000000000E+07
 24  2.5176417105540E-13  1.1932759401498E-04 -3.1930287194238E-04  3.1932764756038E-04  2.2560000000000E+07
 25  1.8040902649337E-13  1.1008116471009E-04 -2.8110826128193E-04  2.8112825994481E-04  2.3520000000000E+07
 26  1.4053651778985E-13  1.0185805317271E-04 -2.5001890134661E-04  2.5003515620570E-04  2.4480000000000E+07
 27  1.3034052495589E-13  9.4759850896425E-05 -2.2573707143206E-04  2.2575081394737E-04  2.5440000000000E+07
 28  1.0268658543006E-13  8.8504403345919E-05 -2.0585807314040E-04  2.0586969730567E-04  2.6400000000000E+07
 29  6.4858303523196E-14  8.2812466136606E-05 -1.8834535789776E-04  1.8835487860422E-04  2.7360000000000E+07
 30  3.3828257207363E-14  7.7721020156781E-05 -1.7422505111475E-04  1.7428228888511E-04  2.8320000000000E+07
 31  6.4511650423592E-14  7.3161920671778E-05 -1.6230987277864E-04  1.6236319226298E-04  2.9280000000000E+07
 32  9.2725595808343E-14  6.9016048380945E-05 -1.5154795086877E-04  1.5159875059988E-04  3.0240000000000E+07
 33  1.9691371040864E-14  6.5238608150989E-05 -1.4182790746090E-04  1.4187660962694E-04  3.1200000000000E+07
 34  4.7582731563645E-14  6.1798021577894E-05 -1.3304834591928E-04  1.3309506657940E-04  3.2160000000000E+07
 35  3.9418985306179E-14  5.8664762487906E-05 -1.2511954431647E-04  1.2516439688167E-04  3.3120000000000E+07
 36  2.1728930600566E-14  5.5797226085738E-05 -1.1801049250247E-04  1.1800362499113E-04  3.4080000000000E+07
 37  2.6218863102935E-14  5.3193144234524E-05 -1.1162459521666E-04  1.1154969326802E-04  3.5040000000000E+07
 38 -2.0862861068357E-15  5.0830342130367E-05 -1.0587782802932E-04  1.0578471187177E-04  3.6000000000000E+07
 39  2.2363585154002E-14  4.8686365472914E-05 -1.0072038085032E-04  1.0062505704732E-04  3.6960000000000E+07
 40  3.2079027291998E-14  4.6756795195608E-05 -9.6111970881628E-05  9.6019145453167E-05  3.7920000000000E+07
 41  1.6792867599452E-14  4.5038232870989E-05 -9.2018517983348E-05  9.1927818634630E-05  3.8880000000000E+07
 42 -5.1963788024865E-18  4.3524996960272E-05 -8.8410807893809E-05  8.8321957100822E-05  3.9840000000000E+07
 43  9.8206939748136E-15  4.2200686939856E-05 -8.5261929000510E-05  8.5174689094803E-05  4.0800000000000E+07
 44  2.7761085724814E-14  4.1053118025330E-05 -8.2549133652445E-05  8.2481758821501E-05  4.1760000000000E+07
 45  3.4400926551825E-15  4.0078914860170E-05 -8.0254423188634E-05  8.0206154062023E-05  4.2720000000000E+07
 46  7.3024975565884E-15  3.9274215800950E-05 -7.8362895433156E-05  7.8328105698570E-05  4.3680000000000E+07
 47  1.2545727101552E-15  3.8635063327118E-05 -7.6868013680199E-05  7.6837162047038E-05  4.4640000000000E+07
 48  1.2350479313714E-16  3.8158274757763E-05 -7.5754557303584E-05  7.5725489677266E-05  4.5600000000000E+07
 49  2.7949235137038E-14  3.7841994749676E-05 -7.5015401349633E-05  7.4987504755021E-05  4.6560000000000E+07
 50  3.2377799655735E-14  3.7684791442611E-05 -7.4646848987930E-05  7.4619514452578E-05  4.7520000000000E+07
 
 field : WVEL     ; Iter =        30 ; region #   0 ; nb.Lev =  50
 k | --   Average    -- | --   Std.Dev    -- | --     min      -- | --     max      -- | --    Vol
  0  2.3696524140072E-22  1.7670313653112E-03 -6.5798336646549E-02  3.0136275664699E-02  1.1762400000000E+09
  1  8.4116018548667E-21  2.1443488500936E-03 -5.3043007112137E-02  2.3847175095216E-02  2.4000000000000E+05
  2 -1.0552901145526E-21  2.5757397786788E-03 -5.8044581121794E-02  2.7125169561259E-02  9.6000000000000E+05
  3  4.5623227418190E-20  4.9206777417628E-03 -6.5798336646549E-02  3.0136275664699E-02  1.9200000000000E+06
  4  9.7144514654701E-21  6.7089184444219E-03 -6.4460189909005E-02  2.6166221170570E-02  2.8800000000000E+06
  5 -6.8319192895553E-20  6.5695378514042E-03 -5.4176224649927E-02  1.8041797384649E-02  3.8400000000000E+06
  6  4.9081109546970E-20  5.5621518070937E-03 -3.6687511467244E-02  1.2500078837547E-02  4.8000000000000E+06
  7  1.4494578377051E-20  4.7510046770173E-03 -2.3544736823169E-02  9.3956798416912E-03  5.7600000000000E+06
  8 -5.2570381910078E-20  4.2761128273443E-03 -1.6518400882342E-02  7.4770312159671E-03  6.7200000000000E+06
  9 -1.9949319973733E-21  3.9851064291496E-03 -1.2991309062454E-02  6.1944051260070E-03  7.6800000000000E+06
 10  4.3740731201667E-20  3.7851960322175E-03 -1.0866720305239E-02  5.2833309855487E-03  8.6400000000000E+06
 11  1.0588752097362E-19  3.6347107022304E-03 -9.4348226579314E-03  4.7404153460225E-03  9.6000000000000E+06
 12 -8.5453529774179E-20  3.5120291907789E-03 -8.4006681634492E-03  4.2605989813730E-03  1.0560000000000E+07
 13  7.4014868308344E-21  3.4033379313239E-03 -7.6092462615634E-03  3.8653199426738E-03  1.1520000000000E+07
 14 -2.4453373798795E-19  3.3002747988302E-03 -6.9787902459211E-03  3.5448385449431E-03  1.2480000000000E+07
 15 -2.2211068962888E-19  3.2008128737799E-03 -6.4660969190300E-03  3.3384828436704E-03  1.3440000000000E+07
 16  8.7460902717693E-20  3.1024483796481E-03 -6.1496620115328E-03  3.2009002391501E-03  1.4400000000000E+07
 17 -4.7704895589362E-20  3.0003366520653E-03 -5.8861396379294E-03  3.1376937776722E-03  1.5360000000000E+07
 18  2.1496965427791E-21  2.8863801986271E-03 -5.6674868057696E-03  3.0644822295481E-03  1.6320000000000E+07
 19  8.6813272619995E-20  2.7602955231869E-03 -5.4112098052918E-03  2.9857717865250E-03  1.7280000000000E+07
 20  4.5796699765788E-20  2.6273087081679E-03 -5.1773457137307E-03  2.8900925122048E-03  1.8240000000000E+07
 21  5.3498871999125E-20  2.4921794338569E-03 -4.9714318611362E-03  2.7819138911154E-03  1.9200000000000E+07
 22 -6.2075565146700E-20  2.3601184420821E-03 -4.8497297522879E-03  2.6682346116245E-03  2.0160000000000E+07
 23 -1.1775092685418E-20  2.2338692106860E-03 -4.7067732477133E-03  2.5519780086857E-03  2.1120000000000E+07
 24 -3.5016273294790E-20  2.1137201686857E-03 -4.5487720002441E-03  2.4346095318990E-03  2.2080000000000E+07
 25 -8.6871096735861E-20  1.9996944184490E-03 -4.3823075577458E-03  2.3171726216905E-03  2.3040000000000E+07
 26  1.5043521983671E-19  1.8914740479619E-03 -4.2104953797187E-03  2.2004982964386E-03  2.4000000000000E+07
 27  1.0580923601676E-19  1.7884142031754E-03 -4.0336188199935E-03  2.0852463844270E-03  2.4960000000000E+07
 28  7.3672206880990E-22  1.6897411301476E-03 -3.8527786302403E-03  1.9719383915645E-03  2.5920000000000E+07
 29 -1.4241253678971E-19  1.5949154722837E-03 -3.6697811061355E-03  1.8612694603809E-03  2.6880000000000E+07
 30  3.4471148796192E-20  1.5036552213646E-03 -3.4861212646802E-03  1.7537958681509E-03  2.7840000000000E+07
 31  4.6506008920409E-20  1.4155977019629E-03 -3.3229913928250E-03  1.6563838393130E-03  2.8800000000000E+07
 32  5.4929179484479E-20  1.3304120290546E-03 -3.1577323749412E-03  1.5696139579117E-03  2.9760000000000E+07
 33  1.3819963691949E-20  1.2478689884206E-03 -2.9911030889392E-03  1.4830857272013E-03  3.0720000000000E+07
 34 -5.5651330906084E-20  1.1677610919443E-03 -2.8237593864498E-03  1.3984476197009E-03  3.1680000000000E+07
 35  8.8981110061869E-21  1.0898924154304E-03 -2.6562168890980E-03  1.3234263213872E-03  3.2640000000000E+07
 36  5.5233595475102E-20  1.0140774151725E-03 -2.4888264161384E-03  1.2472464732826E-03  3.3600000000000E+07
 37  1.6897491636367E-20  9.4016043359952E-04 -2.3222178252085E-03  1.1701525319263E-03  3.4560000000000E+07
 38  1.4415395803973E-20  8.6796243297371E-04 -2.1579670668559E-03  1.0922767690685E-03  3.5520000000000E+07
 39 -1.7809827686695E-20  7.9731107294891E-04 -1.9948943621796E-03  1.0136758566909E-03  3.6480000000000E+07
 40  2.9677115465942E-20  7.2804410212291E-04 -1.8322706005459E-03  9.3436726584567E-04  3.7440000000000E+07
 41 -3.7880578303747E-20  6.5998396385661E-04 -1.6694491722792E-03  8.5435241977116E-04  3.8400000000000E+07
 42  2.2903991260051E-21  5.9293640597376E-04 -1.5064968882891E-03  7.7360995469693E-04  3.9360000000000E+07
 43  2.2446771073274E-20  5.2669420904753E-04 -1.3433818991932E-03  6.9208171600502E-04  4.0320000000000E+07
 44  2.0434773597631E-20  4.6105574658499E-04 -1.1799311280072E-03  6.0967397686297E-04  4.1280000000000E+07
 45 -3.0425998421072E-20  3.9581996853265E-04 -1.0158619776735E-03  5.2628003349528E-04  4.2240000000000E+07
 46  5.1450613317120E-21  3.3077251880691E-04 -8.5085043793142E-04  4.4180336611032E-04  4.3200000000000E+07
 47 -2.4102599948101E-20  2.6568688859439E-04 -6.8458360754260E-04  3.5616113099104E-04  4.4160000000000E+07
 48 -7.3941050288089E-21  2.0032497862965E-04 -5.1675833406785E-04  2.6927361800553E-04  4.5120000000000E+07
 49 -5.0391307638965E-21  1.3443608517671E-04 -3.4703080079933E-04  1.8104464348167E-04  4.6080000000000E+07
 50 -3.1555446086816E-21  6.7754727391425E-05 -1.7496209359513E-04  9.1343626154422E-05  4.7040000000000E+07
 
 field : THETA    ; Iter =        30 ; region #   0 ; nb.Lev =  50
 k | --   Average    -- | --   Std.Dev    -- | --     min      -- | --     max      -- | --    Vol
  0  2.6039075275112E-01  7.3704330169086E-01 -1.8153901100159E+00  7.9996216297150E-01  1.2000000000000E+09
  1 -1.6630159573236E+00  2.6478472246342E-03 -1.6705390394418E+00 -1.6609979867935E+00  4.8000000000000E+05
  2 -1.6623650947853E+00  1.3949118040224E-03 -1.6671506697085E+00 -1.6612943797683E+00  1.4400000000000E+06
  3 -1.6628760588839E+00  7.5018563281578E-04 -1.6658571434844E+00 -1.6619523127739E+00  2.4000000000000E+06
  4 -1.6678191455960E+00  2.9393270230593E-03 -1.6769314793718E+00 -1.6611940593400E+00  3.3600000000000E+06
  5 -1.7075784531385E+00  2.1241734748204E-03 -1.7133286050621E+00 -1.6921693956076E+00  4.3200000000000E+06
  6 -1.7480630458553E+00  1.5334066765824E-03 -1.7512973850126E+00 -1.7370390361027E+00  5.2800000000000E+06
  7 -1.7813765146327E+00  9.1053405614313E-04 -1.7827657720552E+00 -1.7758149094894E+00  6.2400000000000E+06
  8 -1.8020552431511E+00  4.8653525532247E-04 -1.8027340173721E+00 -1.7998864857621E+00  7.2000000000000E+06
  9 -1.8035918734745E+00  1.0465699353427E-04 -1.8038777706846E+00 -1.8033286728775E+00  8.1600000000000E+06
 10 -1.8101714339015E+00  9.8089054244997E-05 -1.8103304453642E+00 -1.8097468167379E+00  9.1200000000000E+06
 11 -1.8152968583456E+00  6.6222425592467E-05 -1.8153901100159E+00 -1.8150612950370E+00  1.0080000000000E+07
 12 -1.8150348648825E+00  1.0406936601727E-04 -1.8151700496674E+00 -1.8147808645139E+00  1.1040000000000E+07
 13 -1.8045365392798E+00  1.6289012094859E-04 -1.8050024980985E+00 -1.8041873691779E+00  1.2000000000000E+07
 14 -1.7868830970975E+00  4.9232857668385E-04 -1.7878133925665E+00 -1.7857435882297E+00  1.2960000000000E+07
 15 -1.7215253374687E+00  1.0739305599450E-03 -1.7240635440658E+00 -1.7192052647008E+00  1.3920000000000E+07
 16 -1.5676243941976E+00  2.6555546283464E-03 -1.5734026376828E+00 -1.5617840069590E+00  1.4880000000000E+07
 17 -1.1350410853157E+00  3.4335041882427E-03 -1.1459288888188E+00 -1.1291871126365E+00  1.5840000000000E+07
 18 -6.4160946947024E-01  3.1878202704593E-03 -6.5230704363783E-01 -6.3675118973788E-01  1.6800000000000E+07
 19 -1.9023288676909E-01  2.6681883923027E-03 -1.9912291439383E-01 -1.8606111889159E-01  1.7760000000000E+07
 20  2.3512197806278E-01  1.9126035401324E-03  2.2820048076145E-01  2.3715126851799E-01  1.8720000000000E+07
 21  4.6650085435756E-01  1.0030663149189E-03  4.6294024597784E-01  4.6780625990131E-01  1.9680000000000E+07
 22  6.2923490952438E-01  6.2059441169039E-04  6.2699995638743E-01  6.2998883783789E-01  2.0640000000000E+07
 23  7.3336231280265E-01  3.4019217166190E-04  7.3210148227009E-01  7.3369182185284E-01  2.1600000000000E+07
 24  7.8422958248157E-01  1.4384058951568E-04  7.8368839912264E-01  7.8435003757477E-01  2.2560000000000E+07
 25  7.9990902146414E-01  4.0147640145762E-05  7.9977161104998E-01  7.9996216297150E-01  2.3520000000000E+07
 26  7.9831297481297E-01  1.9115363185359E-05  7.9826817087698E-01  7.9834687814030E-01  2.4480000000000E+07
 27  7.8960143330277E-01  2.6102995050554E-05  7.8955499639629E-01  7.8969121122777E-01  2.5440000000000E+07
 28  7.7938652396965E-01  5.7865602616596E-05  7.7925588616513E-01  7.7952376505566E-01  2.6400000000000E+07
 29  7.4873403296713E-01  6.0869372955939E-05  7.4866058620607E-01  7.4897649236312E-01  2.7360000000000E+07
 30  7.2789274904460E-01  5.0231933141072E-05  7.2780014668957E-01  7.2806883870020E-01  2.8320000000000E+07
 31  7.0072615492384E-01  4.7639666062263E-05  7.0065977354609E-01  7.0091693044605E-01  2.9280000000000E+07
 32  6.7814399714676E-01  4.1200004978935E-05  6.7807333659050E-01  6.7829979082220E-01  3.0240000000000E+07
 33  6.5282605054479E-01  3.7468365255133E-05  6.5277174334838E-01  6.5297853343768E-01  3.1200000000000E+07
 34  6.3054144578155E-01  3.0643959534849E-05  6.3049498620370E-01  6.3066600894516E-01  3.2160000000000E+07
 35  6.0971414187082E-01  2.7652366698383E-05  6.0966773417974E-01  6.0982340299417E-01  3.3120000000000E+07
 36  5.8735663261467E-01  2.4440168896959E-05  5.8732214630209E-01  5.8745954118508E-01  3.4080000000000E+07
 37  5.6788875289509E-01  2.0486120710437E-05  5.6785558295478E-01  5.6797226940239E-01  3.5040000000000E+07
 38  5.4798083768622E-01  1.8754582674071E-05  5.4795056167677E-01  5.4805787142891E-01  3.6000000000000E+07
 39  5.2766881174117E-01  1.6676997881947E-05  5.2764321984589E-01  5.2773890465905E-01  3.6960000000000E+07
 40  5.0798737973673E-01  1.4309299049761E-05  5.0796563262966E-01  5.0804798867406E-01  3.7920000000000E+07
 41  4.8899561197887E-01  1.1619546888552E-05  4.8898106022828E-01  4.8904694988666E-01  3.8880000000000E+07
 42  4.7313029892172E-01  8.9241607891641E-06  4.7311646871554E-01  4.7316829713639E-01  3.9840000000000E+07
 43  4.5755001362769E-01  7.5983499580259E-06  4.5753800296401E-01  4.5758231179334E-01  4.0800000000000E+07
 44  4.4201351255921E-01  6.4360211797081E-06  4.4200323704855E-01  4.4204091548683E-01  4.1760000000000E+07
 45  4.2644099165179E-01  5.3492515051483E-06  4.2643242845308E-01  4.2646384181092E-01  4.2720000000000E+07
 46  4.1081886664857E-01  4.3436469766399E-06  4.1081164959652E-01  4.1083723339181E-01  4.3680000000000E+07
 47  3.9483987506440E-01  3.4082807657089E-06  3.9483407589821E-01  3.9485418234043E-01  4.4640000000000E+07
 48  3.7836018256212E-01  2.4691484584520E-06  3.7835594710389E-01  3.7837052839485E-01  4.5600000000000E+07
 49  3.6138068286916E-01  1.5547766014757E-06  3.6137912538475E-01  3.6138777246797E-01  4.6560000000000E+07
 50  3.4520523774937E-01  7.2302871801915E-06  3.4519314765930E-01  3.4521929777542E-01  4.7520000000000E+07
 
 field : PHIHYD   ; Iter =        30 ; region #   0 ; nb.Lev =  50
 k | --   Average    -- | --   Std.Dev    -- | --     min      -- | --     max      -- | --    Vol
  0  1.9939781727812E+01  1.1267936859127E+01  4.9349613093771E-03  3.8703465798695E+01  1.2000000000000E+09
  1  8.7144942879140E-03  6.1688389869609E-04  4.9349613093771E-03  1.0453317722531E-02  4.8000000000000E+05
  2  4.3374799129601E-02  6.1519923053225E-04  3.9592839708272E-02  4.5111267908554E-02  1.4400000000000E+06
  3  1.1269518497547E-01  6.1395315172620E-04  1.0891028622622E-01  1.1442871719879E-01  2.4000000000000E+06
  4  2.1668885346622E-01  6.1425961535258E-04  2.1289068001742E-01  2.1841009503258E-01  3.3600000000000E+06
  5  3.5549012578217E-01  6.1619739093074E-04  3.5167978714937E-01  3.5720029870691E-01  4.3200000000000E+06
  6  5.2931269177815E-01  6.1903723794423E-04  5.2550943516726E-01  5.3102951639284E-01  5.2800000000000E+06
  7  7.3825400166849E-01  6.2207028042053E-04  7.3445840806002E-01  7.3997810459731E-01  6.2400000000000E+06
  8  9.8232121951208E-01  6.2415110579854E-04  9.7853353442186E-01  9.8405276665566E-01  7.2000000000000E+06
  9  1.2613973610585E+00  6.2508401767857E-04  1.2576132402324E+00  1.2631322610964E+00  8.1600000000000E+06
 10  1.5754164568716E+00  6.2575358078651E-04  1.5716317654514E+00  1.5771508546240E+00  9.1200000000000E+06
 11  1.9244202032096E+00  6.2631076911155E-04  1.9206365986728E+00  1.9261556309278E+00  1.0080000000000E+07
 12  2.3083671223740E+00  6.2611134514186E-04  2.3045855280780E+00  2.3101044157930E+00  1.1040000000000E+07
 13  2.7271150078539E+00  6.2478572953772E-04  2.7233353777790E+00  2.7288540897695E+00  1.2000000000000E+07
 14  3.1804657720723E+00  6.2109553775563E-04  3.1766915120983E+00  3.1822097336243E+00  1.2960000000000E+07
 15  3.6677599465394E+00  6.1150513786994E-04  3.6639985399150E+00  3.6695155411518E+00  1.3920000000000E+07
 16  4.1872297433194E+00  5.8833091508172E-04  4.1835004291438E+00  4.1890142882235E+00  1.4880000000000E+07
 17  4.7338238614572E+00  5.5104015747190E-04  4.7301225879573E+00  4.7356327374397E+00  1.5840000000000E+07
 18  5.3019863090023E+00  5.1555483059355E-04  5.2982823798084E+00  5.3037905022934E+00  1.6800000000000E+07
 19  5.8899648389321E+00  4.9468903280537E-04  5.8862511644029E+00  5.8917577843721E+00  1.7760000000000E+07
 20  6.4972825247444E+00  4.8762984304097E-04  6.4935494740033E+00  6.4990555894847E+00  1.8720000000000E+07
 21  7.1260565594257E+00  4.8821055860078E-04  7.1223019278073E+00  7.1278082685726E+00  1.9680000000000E+07
 22  7.7796481985925E+00  4.9064403344541E-04  7.7758835945391E+00  7.7813898276362E+00  2.0640000000000E+07
 23  8.4596664874795E+00  4.9286870521816E-04  8.4558938099169E+00  8.4614000944864E+00  2.1600000000000E+07
 24  9.1677427966063E+00  4.9422340280820E-04  9.1639641550803E+00  9.1694705863967E+00  2.2560000000000E+07
 25  9.9053273354106E+00  4.9475442435893E-04  9.9015453608298E+00  9.9070519257077E+00  2.3520000000000E+07
 26  1.0673362895485E+01  4.9480960191237E-04  1.0669579472091E+01  1.0675086131394E+01  2.4480000000000E+07
 27  1.1472334275796E+01  4.9467065623507E-04  1.1468550389984E+01  1.1474057113656E+01  2.5440000000000E+07
 28  1.2302444135919E+01  4.9441081946080E-04  1.2298659164598E+01  1.2304166028651E+01  2.6400000000000E+07
 29  1.3164214235444E+01  4.9401745628105E-04  1.3160428741624E+01  1.3165935741688E+01  2.7360000000000E+07
 30  1.4057956494101E+01  4.9361108933563E-04  1.4054171289947E+01  1.4059678375517E+01  2.8320000000000E+07
 31  1.4983669640406E+01  4.9325492005411E-04  1.4979884413269E+01  1.4985391601050E+01  2.9280000000000E+07
 32  1.5941473660634E+01  4.9292564134619E-04  1.5937688605525E+01  1.5943195878859E+01  3.0240000000000E+07
 33  1.6931400827414E+01  4.9263466644692E-04  1.6927615845516E+01  1.6933123205698E+01  3.1200000000000E+07
 34  1.7953519925511E+01  4.9238022639947E-04  1.7949735204341E+01  1.7955242630579E+01  3.2160000000000E+07
 35  1.9007784973526E+01  4.9216114115085E-04  1.9004000307300E+01  1.9009507806050E+01  3.3120000000000E+07
 36  2.0094266991841E+01  4.9196555539407E-04  2.0090482427337E+01  2.0095989990711E+01  3.4080000000000E+07
 37  2.1212995924738E+01  4.9179732900395E-04  2.1209211508491E+01  2.1214719126506E+01  3.5040000000000E+07
 38  2.2363966184857E+01  4.9164819025237E-04  2.2360181777694E+01  2.2365689454801E+01  3.6000000000000E+07
 39  2.3547266435514E+01  4.9151377487920E-04  2.3543482076385E+01  2.3548989806531E+01  3.6960000000000E+07
 40  2.4762953962340E+01  4.9139362198099E-04  2.4759169689920E+01  2.4764677465472E+01  3.7920000000000E+07
 41  2.6011050506605E+01  4.9129032303556E-04  2.6007266403940E+01  2.6012774212151E+01  3.8880000000000E+07
 42  2.7291492776728E+01  4.9120731893166E-04  2.7287708826020E+01  2.7293216660209E+01  3.9840000000000E+07
 43  2.8604221918226E+01  4.9114097354642E-04  2.8600438004830E+01  2.8605945867240E+01  4.0800000000000E+07
 44  2.9949276932925E+01  4.9108539862698E-04  2.9945493044307E+01  2.9951000932095E+01  4.1760000000000E+07
 45  3.1326707334377E+01  4.9103439637141E-04  3.1322923466327E+01  3.1328431376194E+01  4.2720000000000E+07
 46  3.2736565979478E+01  4.9099947044917E-04  3.2732782121065E+01  3.2738290050191E+01  4.3680000000000E+07
 47  3.4178917737783E+01  4.9096843666858E-04  3.4175133874395E+01  3.4180641820257E+01  4.4640000000000E+07
 48  3.5653845415616E+01  4.9094385270779E-04  3.5650061542990E+01  3.5655569502246E+01  4.5600000000000E+07
 49  3.7161439366384E+01  4.9092788337046E-04  3.7157655523016E+01  3.7163163489013E+01  4.6560000000000E+07
 50  3.8701741198296E+01  4.9090811613505E-04  3.8697957863381E+01  3.8703465798695E+01  4.7520000000000E+07
 
 field : PHI_NH   ; Iter =        30 ; region #   0 ; nb.Lev =  50
 k | --   Average    -- | --   Std.Dev    -- | --     min      -- | --     max      -- | --    Vol
  0 -7.9285744997888E-07  1.0458286379509E-03 -1.0887846939309E-01  3.4394759803295E-02  1.2000000000000E+09
  1  8.6129984913926E-07  9.2298577275500E-03 -1.0887846939309E-01  3.4394759803295E-02  4.8000000000000E+05
  2 -6.2432475265353E-06  8.7596372886298E-03 -9.3978522761906E-02  3.1291347469684E-02  1.4400000000000E+06
  3 -2.5932039309860E-05  7.9906160801577E-03 -7.3887305916581E-02  2.7047203509315E-02  2.4000000000000E+06
  4 -3.6981741828191E-05  7.0825350952076E-03 -5.7572810806581E-02  2.3088876158769E-02  3.3600000000000E+06
  5 -3.0696787859515E-05  6.1328102146507E-03 -4.6486691073596E-02  1.9962032690238E-02  4.3200000000000E+06
  6 -2.1202750926230E-05  5.1927465671931E-03 -3.9098897955987E-02  1.7381260137917E-02  5.2800000000000E+06
  7 -1.5454025859948E-05  4.2949412330047E-03 -3.3670335619994E-02  1.4546458106538E-02  6.2400000000000E+06
  8 -1.2358959250429E-05  3.4601729657529E-03 -2.8996634062516E-02  1.1856934506078E-02  7.2000000000000E+06
  9 -1.0472776432624E-05  2.7092793847980E-03 -2.4086583985676E-02  9.9070131857912E-03  8.1600000000000E+06
 10 -9.1483110794801E-06  2.0525776263757E-03 -1.9031322885571E-02  8.4138004122185E-03  9.1200000000000E+06
 11 -8.1299997424140E-06  1.5004403986865E-03 -1.4228759691058E-02  6.9017061620911E-03  1.0080000000000E+07
 12 -7.2794109575143E-06  1.0550855384849E-03 -1.0099348765031E-02  5.3064941678715E-03  1.1040000000000E+07
 13 -6.5123746847167E-06  7.1201486252749E-04 -6.4163381512793E-03  3.8917608646941E-03  1.2000000000000E+07
 14 -5.8125169729657E-06  4.7586376869071E-04 -3.7011121994342E-03  2.5064246045721E-03  1.2960000000000E+07
 15 -5.1486550978642E-06  3.4028339769087E-04 -1.3337795612820E-03  1.3993346616210E-03  1.3920000000000E+07
 16 -4.5257500549561E-06  2.9699881413033E-04 -5.6964042785288E-04  9.0638029644634E-04  1.4880000000000E+07
 17 -3.8850702509435E-06  3.0637054430031E-04 -7.1170799343822E-04  1.5803830422186E-03  1.5840000000000E+07
 18 -3.2197979179061E-06  3.4146430903035E-04 -1.1858244193250E-03  2.5568965950737E-03  1.6800000000000E+07
 19 -2.5659722375140E-06  3.7093959009654E-04 -1.4609184373761E-03  3.2133905569002E-03  1.7760000000000E+07
 20 -1.9394558834793E-06  3.8723496568863E-04 -1.5348587551968E-03  3.4293394354815E-03  1.8720000000000E+07
 21 -1.3610633979094E-06  3.9824012021862E-04 -1.5486429599890E-03  3.4743749627727E-03  1.9680000000000E+07
 22 -8.5246371168574E-07  4.0727388545584E-04 -1.5505723614572E-03  3.4806249447912E-03  2.0640000000000E+07
 23 -4.1991743014148E-07  4.1436538625053E-04 -1.5769097784700E-03  3.4810876993029E-03  2.1600000000000E+07
 24 -6.0190317074416E-08  4.1938640878319E-04 -1.6200560542293E-03  3.4809843273785E-03  2.2560000000000E+07
 25  2.3261949400188E-07  4.2252188606742E-04 -1.6442008595711E-03  3.4808734948241E-03  2.3520000000000E+07
 26  4.6597772538957E-07  4.2416185600546E-04 -1.6549249431207E-03  3.4807872884994E-03  2.4480000000000E+07
 27  6.4761054280834E-07  4.2482292638242E-04 -1.6585479900675E-03  3.4807194953913E-03  2.5440000000000E+07
 28  7.8434954646819E-07  4.2493574888309E-04 -1.6595350965806E-03  3.4806647373218E-03  2.6400000000000E+07
 29  8.8181664650017E-07  4.2476459253053E-04 -1.6598271599148E-03  3.4806195307768E-03  2.7360000000000E+07
 30  9.4516795178958E-07  4.2447498782928E-04 -1.6599881383462E-03  3.4805815664567E-03  2.8320000000000E+07
 31  9.7942278766203E-07  4.2415251448809E-04 -1.6601302521915E-03  3.4805492577610E-03  2.9280000000000E+07
 32  9.8916312594649E-07  4.2383287770092E-04 -1.6602655667848E-03  3.4805214815203E-03  3.0240000000000E+07
 33  9.7856679869065E-07  4.2353522372157E-04 -1.6603925831130E-03  3.4804974191133E-03  3.1200000000000E+07
 34  9.5152597809136E-07  4.2326836920186E-04 -1.6605098630547E-03  3.4804764557671E-03  3.2160000000000E+07
 35  9.1164354725462E-07  4.2303323845394E-04 -1.6606173068494E-03  3.4804581184442E-03  3.3120000000000E+07
 36  8.6219855776681E-07  4.2282544106174E-04 -1.6607154514312E-03  3.4804420374105E-03  3.4080000000000E+07
 37  8.0616655124015E-07  4.2264323146567E-04 -1.6608051001916E-03  3.4804279194985E-03  3.5040000000000E+07
 38  7.4621978993942E-07  4.2248267414469E-04 -1.6608871480405E-03  3.4804155274234E-03  3.6000000000000E+07
 39  6.8468264891100E-07  4.2234010366238E-04 -1.6609621422740E-03  3.4804046646332E-03  3.6960000000000E+07
 40  6.2354535605801E-07  4.2221552717716E-04 -1.6610297130492E-03  3.4803951659525E-03  3.7920000000000E+07
 41  5.6448164725342E-07  4.2211000964523E-04 -1.6610889342046E-03  3.4803868926012E-03  3.8880000000000E+07
 42  5.0885164438133E-07  4.2202306576965E-04 -1.6611395038149E-03  3.4803797289478E-03  3.9840000000000E+07
 43  4.5770734887284E-07  4.2195105721569E-04 -1.6611824658261E-03  3.4803735789513E-03  4.0800000000000E+07
 44  4.1182038232643E-07  4.2189027924690E-04 -1.6612193015547E-03  3.4803683620725E-03  4.1760000000000E+07
 45  3.7173487366086E-07  4.2183902010812E-04 -1.6612508919897E-03  3.4803640098207E-03  4.2720000000000E+07
 46  3.3781879005631E-07  4.2179641793103E-04 -1.6612775679208E-03  3.4803604639826E-03  4.3680000000000E+07
 47  3.1031308871034E-07  4.2176199391760E-04 -1.6612993891766E-03  3.4803576760960E-03  4.4640000000000E+07
 48  2.8938618357403E-07  4.2173566246984E-04 -1.6613162218254E-03  3.4803556060003E-03  4.5600000000000E+07
 49  2.7519135131896E-07  4.2171775272192E-04 -1.6613277546897E-03  3.4803542170042E-03  4.6560000000000E+07
 50  2.6792424823569E-07  4.2170867427053E-04 -1.6613336553367E-03  3.4803534601606E-03  4.7520000000000E+07
 
# records End here.
